position: [-2.2380779669677735, 1.3848011546813965, 0.43104860090332037, 0.47668452929077154, 2.2465148612915042, 2.007980849047852, 0.24965537294311524]
position: [-2.2327090342163087, 1.5451021468322754, 0.5368932751464844, 0.5161845345336914, 2.180553687487793, 2.088131345123291, 0.20440293975219728]
position: [-2.1863061154357912, 1.2221991913513184, 1.4618836891845703, 0.8613302114135742, 0.9526020681884766, 1.4039759145080568, 1.553539041156006]
