position: [-2.0624371669555663, 1.791306063006592, -0.7182865031066895, 0.5257719144470215, 2.0869808595336914, 2.093116782678223, -2.457437219384766]
position: [-1.9527575407470705, 2.1886070866149905, -0.3278883930358887, 0.5422622078979492, 2.0317575512329102, 2.0942672682678225, -2.3765197329162597]
position: [-1.891398309301758, 2.6196556875183106, 0.15339807861328125, 0.5437961886840821, 1.7790342167175295, 2.0927332874816895, -2.370767304968262]
position: [-1.8595682079895022, 2.6016314132812504, 0.779645734552002, 0.5434126934875488, 1.6072283686706543, 2.0923497922851566, -1.908272097949219]
position: [-1.8365584961975099, 2.6173547163391113, 1.4020584385253907, 0.5437961886840821, 1.6781749800292969, 2.0904323163024903, -1.553922536352539]
header: 
  seq: 142
  stamp: 
    secs: 1380714977
    nsecs: 230849504
  frame_id: ''
name: ['e0', 'e1', 's0', 's1', 'w0', 'w1', 'w2']
position: [-1.9692478341979982, 2.4662576089050297, 1.5788497241271973, 0.27611654150390624, 1.4960147616760255, 1.9773012333251954, -0.0609757362487793]
velocity: [-0.005243098390102387, -0.0011235210835933687, -0.009737182724475862, 0.01610380219817162, -0.0007490140557289124, -0.005617605417966843, 0.007115633529424668]
effort: [-11.716, -1.54, 0.308, 8.044, 0.308, 0.276, 0.184]
---
