position: [-1.942403170440674, 1.8940827756774903, 0.22817964193725587, 0.5161845345336914, 1.9949420123657229, 2.044796387915039, -0.5844466795166016]
position: [-2.1863061154357912, 1.2221991913513184, 1.4618836891845703, 0.8613302114135742, 0.9526020681884766, 1.4039759145080568, 1.553539041156006]
position: [-2.1863061154357912, 1.2221991913513184, 1.4618836891845703, 0.8613302114135742, 0.9526020681884766, 1.4039759145080568, 1.553539041156006]
