position: [-2.078543965209961, 1.5412671948669434, -0.5169515249267579, 0.4118738410766602, 2.1011701818054203, 2.0248546376953125, -2.421772166107178]
position: [-1.9562089975158692, 2.5226314027954104, 0.5035291930480957, 0.5012282218688965, 1.6643691529541016, 2.0942672682678225, -1.9335827809204102]
header: 
  seq: 142
  stamp: 
    secs: 1380714977
    nsecs: 230849504
  frame_id: ''
name: ['e0', 'e1', 's0', 's1', 'w0', 'w1', 'w2']
position: [-1.9692478341979982, 2.4662576089050297, 1.5788497241271973, 0.27611654150390624, 1.4960147616760255, 1.9773012333251954, -0.0609757362487793]
velocity: [-0.005243098390102387, -0.0011235210835933687, -0.009737182724475862, 0.01610380219817162, -0.0007490140557289124, -0.005617605417966843, 0.007115633529424668]
effort: [-11.716, -1.54, 0.308, 8.044, 0.308, 0.276, 0.184]
---
