position: [-1.9657963774291993, 2.0528497870422364, -0.33325732578735356, 0.5756262899963379, 1.9957090027587892, 2.093116782678223, -2.6794809381774902]
position: [-1.9167089922729494, 2.418704204534912, 0.024927187774658206, 0.5921165834472657, 1.8323400490356447, 2.0950342586608888, -2.4758449888183596]
position: [-1.896767242053223, 2.6169712211425784, 0.6442719301757813, 0.5963350306091308, 1.6942817782836914, 2.0946507634643554, -2.0655051285278323]
position: [-1.8864128717468263, 2.6169712211425784, 1.349903091796875, 0.5971020210021973, 1.6731895424743652, 2.088131345123291, -1.5266943773986816]
header: 
  seq: 142
  stamp: 
    secs: 1380714977
    nsecs: 230849504
  frame_id: ''
name: ['e0', 'e1', 's0', 's1', 'w0', 'w1', 'w2']
position: [-1.9692478341979982, 2.4662576089050297, 1.5788497241271973, 0.27611654150390624, 1.4960147616760255, 1.9773012333251954, -0.0609757362487793]
velocity: [-0.005243098390102387, -0.0011235210835933687, -0.009737182724475862, 0.01610380219817162, -0.0007490140557289124, -0.005617605417966843, 0.007115633529424668]
effort: [-11.716, -1.54, 0.308, 8.044, 0.308, 0.276, 0.184]
---
