position: [-1.9305148193481447, 2.1663643652160647, -0.02224272139892578, 0.5948010498229981, 1.9895730796142579, 2.093883773071289, -2.3780537137023927]
position: [-1.8821944245849611, 2.6192721923217777, 0.5913495930541992, 0.6193447424011231, 1.7533400385498048, 2.093883773071289, -2.0662721189208986]
position: [-1.8875633573364259, 2.62080617310791, 1.1654419022644045, 0.6212622183837891, 1.780184702307129, 2.0904323163024903, -1.5861361328613282]
position: [-1.817767231567383, 2.63154403861084, 1.7088545957519532, 0.6254806655456543, 1.7395342114746095, 2.0923497922851566, -1.1604564647094728]
header: 
  seq: 142
  stamp: 
    secs: 1380714977
    nsecs: 230849504
  frame_id: ''
name: ['e0', 'e1', 's0', 's1', 'w0', 'w1', 'w2']
position: [-1.9692478341979982, 2.4662576089050297, 1.5788497241271973, 0.27611654150390624, 1.4960147616760255, 1.9773012333251954, -0.0609757362487793]
velocity: [-0.005243098390102387, -0.0011235210835933687, -0.009737182724475862, 0.01610380219817162, -0.0007490140557289124, -0.005617605417966843, 0.007115633529424668]
effort: [-11.716, -1.54, 0.308, 8.044, 0.308, 0.276, 0.184]
---
