position: [-2.271058553869629, 0.5169515249267579, -0.45789326466064456, 0.20401944455566406, 2.3281993381530763, 1.6900633311218263, -0.09395632315063478]
position: [-2.1863061154357912, 1.2221991913513184, 1.4618836891845703, 0.8613302114135742, 0.9526020681884766, 1.4039759145080568, 1.553539041156006]
position: [-2.1863061154357912, 1.2221991913513184, 1.4618836891845703, 0.8613302114135742, 0.9526020681884766, 1.4039759145080568, 1.553539041156006]
