position: [-2.176335240325928, 1.4783739826354982, -0.29759227250976567, 0.5261554096435547, 2.2848643809448244, 2.042111921539307, -0.6243301799560548]
position: [-2.1863061154357912, 1.2221991913513184, 1.4618836891845703, 0.8613302114135742, 0.9526020681884766, 1.4039759145080568, 1.553539041156006]
position: [-2.1863061154357912, 1.2221991913513184, 1.4618836891845703, 0.8613302114135742, 0.9526020681884766, 1.4039759145080568, 1.553539041156006]
