position: [-2.325131376580811, 0.5990194969848633, -0.5997864873779297, 0.25157284892578125, 2.3374032228698733, 1.7238109084167481, -0.23815051704711915]
position: [-2.1863061154357912, 1.2221991913513184, 1.4618836891845703, 0.8613302114135742, 0.9526020681884766, 1.4039759145080568, 1.553539041156006]
position: [-2.1863061154357912, 1.2221991913513184, 1.4618836891845703, 0.8613302114135742, 0.9526020681884766, 1.4039759145080568, 1.553539041156006]
