position: [-2.2158352455688477, 0.5054466690307617, -1.0047574149169922, 0.22242721398925783, 2.2480488420776368, 1.5941895319885255, -2.0033789066894534]
position: [-2.020252695336914, 1.9059711267700197, -0.38656315810546876, 0.4816699668457032, 2.010665315423584, 2.0885148403198244, -2.422155661303711]
position: [-1.9155585066833498, 2.5475585905700684, 0.6952767913146973, 0.5671893956726075, 1.7180584804687502, 2.0908158114990236, -1.8714565590820313]
header: 
  seq: 142
  stamp: 
    secs: 1380714977
    nsecs: 230849504
  frame_id: ''
name: ['e0', 'e1', 's0', 's1', 'w0', 'w1', 'w2']
position: [-1.9692478341979982, 2.4662576089050297, 1.5788497241271973, 0.27611654150390624, 1.4960147616760255, 1.9773012333251954, -0.0609757362487793]
velocity: [-0.005243098390102387, -0.0011235210835933687, -0.009737182724475862, 0.01610380219817162, -0.0007490140557289124, -0.005617605417966843, 0.007115633529424668]
effort: [-11.716, -1.54, 0.308, 8.044, 0.308, 0.276, 0.184]
---
