position: [-2.340471184442139, 0.4839709380249024, -0.8149272926330567, 0.21782527163085938, 2.350442059552002, 1.680092456011963, -0.3785097589782715]
position: [-2.1863061154357912, 1.2221991913513184, 1.4618836891845703, 0.8613302114135742, 0.9526020681884766, 1.4039759145080568, 1.553539041156006]
position: [-2.1863061154357912, 1.2221991913513184, 1.4618836891845703, 0.8613302114135742, 0.9526020681884766, 1.4039759145080568, 1.553539041156006]
