position: [-2.1985779617248538, 1.3660098900512696, -0.12847089083862306, 0.492791327545166, 2.2829469049621585, 2.046330368701172, -0.34514567687988285]
position: [-2.359645944268799, 1.563126421069336, 0.8406214708007813, 0.879737980847168, 1.2613157013977052, 1.1861506428771973, -0.45789326466064456]
position: [-2.1863061154357912, 1.2221991913513184, 1.4618836891845703, 0.8613302114135742, 0.9526020681884766, 1.4039759145080568, 1.553539041156006]
position: [-2.1863061154357912, 1.2221991913513184, 1.4618836891845703, 0.8613302114135742, 0.9526020681884766, 1.4039759145080568, 1.553539041156006]
