position: [-1.9496895791748048, 1.880276948602295, -0.036815538867187504, 0.515417544140625, 1.9535245311401368, 2.0869808595336914, -0.9196214812866211]
position: [-2.1863061154357912, 1.2221991913513184, 1.4618836891845703, 0.8613302114135742, 0.9526020681884766, 1.4039759145080568, 1.553539041156006]
position: [-2.1863061154357912, 1.2221991913513184, 1.4618836891845703, 0.8613302114135742, 0.9526020681884766, 1.4039759145080568, 1.553539041156006]
