position: [-1.942403170440674, 1.8940827756774903, 0.22817964193725587, 0.5161845345336914, 1.9949420123657229, 2.044796387915039, -0.5844466795166016]
position: [-1.942403170440674, 1.8940827756774903, 0.22817964193725587, 0.5161845345336914, 1.9949420123657229, 2.044796387915039, -0.5844466795166016]
