header: 
  seq: 50
  stamp: 
    secs: 1380713992
    nsecs: 250843836
  frame_id: ''
name: ['e0', 'e1', 's0', 's1', 'w0', 'w1', 'w2']
position: [-2.0095148298339844, 1.9523740455505372, 0.5257719144470215, 0.3854126725158692, 1.8541992752380372, 2.0643546429382327, -1.1455001520446777]
velocity: [0.013482253003120424, 0.0022470421671867374, 0.009362675696611405, -0.020972393560409548, 0.004868591362237931, 0.007490140557289124, -0.007115633529424668]
effort: [-14.372, 2.736, -0.248, 4.656, 0.324, 0.116, 0.028]
---
position: [-1.9435536560302735, 2.2419129189331057, 0.3428447057006836, 0.4268301537414551, 1.8131652892089845, 2.0888983355163577, -1.9270633625793459]
position: [-1.978451718914795, 2.263388649938965, -0.03067961572265625, 0.4874223947937012, 1.872607044671631, 2.0942672682678225, -2.4716265416564944]
position: [-1.9661798726257325, 2.0528497870422364, -0.33249033539428713, 0.5760097851928712, 1.995325507562256, 2.0927332874816895, -2.680247928570557]
position: [-1.8936992804809571, 1.979985699700928, -0.34706315286254885, 0.6649806707885743, 2.1429711582275393, 2.0739420228515626, -2.5490925713562014]
position: [-1.8135487844055176, 1.9903400700073244, -0.26998061835937504, 0.7631554411010743, 2.2626216595458986, 1.9918740507934571, -2.5134275180786134]
