header: 
  seq: 50
  stamp: 
    secs: 1380713992
    nsecs: 250843836
  frame_id: ''
name: ['e0', 'e1', 's0', 's1', 'w0', 'w1', 'w2']
position: [-2.0095148298339844, 1.9523740455505372, 0.5257719144470215, 0.3854126725158692, 1.8541992752380372, 2.0643546429382327, -1.1455001520446777]
velocity: [0.013482253003120424, 0.0022470421671867374, 0.009362675696611405, -0.020972393560409548, 0.004868591362237931, 0.007490140557289124, -0.007115633529424668]
effort: [-14.372, 2.736, -0.248, 4.656, 0.324, 0.116, 0.028]
---
position: [-2.121878922418213, 1.7686798464111328, -0.33325732578735356, 0.4460049135681153, 2.0091313346374515, 2.080077945996094, -2.317461472650147]
position: [-2.214684759979248, 0.5046796786376954, -1.0051409101135254, 0.22204371879272464, 2.2472818516845705, 1.5945730271850587, -2.0026119162963867]
position: [-2.2580197171875, 0.46594666378784183, -1.0204807179748536, 0.3087136332092285, 2.30710710234375, 1.5113545695373536, -1.995325507562256]
