position: [-2.2380779669677735, 1.3848011546813965, 0.43104860090332037, 0.47668452929077154, 2.2465148612915042, 2.007980849047852, 0.24965537294311524]
position: [-1.9523740455505372, 1.8622526743652346, -0.35665053277587894, 0.5215534672851563, 2.075092508441162, 2.085446878747559, -1.176179767767334]
position: [-1.9454711320129396, 1.8415439337524415, -0.30756314761962894, 0.7236554358581544, 2.2752770010314944, 2.0501653206665043, -0.9828981887145997]
