position: [-2.0095148298339844, 1.9535245311401368, 0.5307573520019532, 0.3854126725158692, 1.851898304058838, 2.0647381381347656, -1.1313108297729493]
position: [-2.069340080493164, 1.7023351774108888, -0.14841264105834961, 0.41110685068359376, 1.9761507477355957, 2.087747849926758, -2.11075756171875]
position: [-2.1609954324646, 0.8728350673095704, -0.6960437817077637, 0.3156165467468262, 2.2116167984069826, 1.7560245049255372, -1.9243788962036135]
position: [-2.142204167834473, 0.9560535249572755, -0.6461894061584473, 0.44485442797851565, 2.263005154742432, 1.6590002202026368, -1.936650742492676]
