header: 
  seq: 50
  stamp: 
    secs: 1380713992
    nsecs: 250843836
  frame_id: ''
name: ['e0', 'e1', 's0', 's1', 'w0', 'w1', 'w2']
position: [-2.0095148298339844, 1.9523740455505372, 0.5257719144470215, 0.3854126725158692, 1.8541992752380372, 2.0643546429382327, -1.1455001520446777]
velocity: [0.013482253003120424, 0.0022470421671867374, 0.009362675696611405, -0.020972393560409548, 0.004868591362237931, 0.007490140557289124, -0.007115633529424668]
effort: [-14.372, 2.736, -0.248, 4.656, 0.324, 0.116, 0.028]
---
position: [-2.0110488106201174, 1.9132575355041506, -0.12693691005249025, 0.4099563650939942, 1.8664711215270997, 2.093116782678223, -2.341238174835205]
position: [-2.078543965209961, 1.5401167092773438, -0.5177185153198243, 0.4118738410766602, 2.1004031914123535, 2.0248546376953125, -2.4229226516967777]
position: [-1.9834371564697266, 1.4975487424621583, -0.44562141837158203, 0.5871311458923341, 2.2135342743896484, 1.851898304058838, -2.3170779774536134]
