header: 
  seq: 50
  stamp: 
    secs: 1380713992
    nsecs: 250843836
  frame_id: ''
name: ['e0', 'e1', 's0', 's1', 'w0', 'w1', 'w2']
position: [-2.0095148298339844, 1.9523740455505372, 0.5257719144470215, 0.3854126725158692, 1.8541992752380372, 2.0643546429382327, -1.1455001520446777]
velocity: [0.013482253003120424, 0.0022470421671867374, 0.009362675696611405, -0.020972393560409548, 0.004868591362237931, 0.007490140557289124, -0.007115633529424668]
effort: [-14.372, 2.736, -0.248, 4.656, 0.324, 0.116, 0.028]
---
position: [-2.1153595040771487, 1.6597672105957033, -0.26307770482177734, 0.5303738568054199, 2.1625294132507324, 2.0888983355163577, -2.272592534655762]
position: [-2.106539114556885, 1.660917696185303, -0.23354857468872073, 0.7585534987426759, 2.3665488578063965, 1.9692478341979982, -2.312476035095215]
