header: 
  seq: 50
  stamp: 
    secs: 1380713992
    nsecs: 250843836
  frame_id: ''
name: ['e0', 'e1', 's0', 's1', 'w0', 'w1', 'w2']
position: [-2.0095148298339844, 1.9523740455505372, 0.5257719144470215, 0.3854126725158692, 1.8541992752380372, 2.0643546429382327, -1.1455001520446777]
velocity: [0.013482253003120424, 0.0022470421671867374, 0.009362675696611405, -0.020972393560409548, 0.004868591362237931, 0.007490140557289124, -0.007115633529424668]
effort: [-14.372, 2.736, -0.248, 4.656, 0.324, 0.116, 0.028]
---
position: [-2.029456580053711, 1.9094225835388186, 0.196349540625, 0.4038204419494629, 1.9374177328857423, 2.0908158114990236, -1.6463448787170412]
position: [-2.0831459075683596, 1.6540147826477052, -0.09050486638183594, 0.42989811531372074, 2.0754760036376956, 2.051699301452637, -1.940485694458008]
position: [-2.178636211505127, 1.0523108192871093, -0.46748064457397465, 0.34706315286254885, 2.2169857311584473, 1.8844953957641604, -2.116126494470215]
position: [-2.16943232678833, 0.9928690638244629, -0.46709714937744146, 0.390781605267334, 2.2373109765747072, 1.7939905293823244, -2.1088400857360843]
position: [-2.11075756171875, 1.1424321904724122, -0.3911651004638672, 0.4970097747070313, 2.3051896263610843, 1.700801196624756, -2.2281070918579102]
