position: [-2.2380779669677735, 1.3848011546813965, 0.43104860090332037, 0.47668452929077154, 2.2465148612915042, 2.007980849047852, 0.24965537294311524]
position: [-2.271058553869629, 0.5169515249267579, -0.45789326466064456, 0.20401944455566406, 2.3281993381530763, 1.6900633311218263, -0.09395632315063478]
position: [-2.191675048187256, 0.6910583441528321, -0.3635534463134766, 0.3409272297180176, 2.2963692368408206, 1.6053108926879884, -0.13805827075195312]
