header: 
  seq: 50
  stamp: 
    secs: 1380713992
    nsecs: 250843836
  frame_id: ''
name: ['e0', 'e1', 's0', 's1', 'w0', 'w1', 'w2']
position: [-2.0095148298339844, 1.9523740455505372, 0.5257719144470215, 0.3854126725158692, 1.8541992752380372, 2.0643546429382327, -1.1455001520446777]
velocity: [0.013482253003120424, 0.0022470421671867374, 0.009362675696611405, -0.020972393560409548, 0.004868591362237931, 0.007490140557289124, -0.007115633529424668]
effort: [-14.372, 2.736, -0.248, 4.656, 0.324, 0.116, 0.028]
---
position: [-1.9305148193481447, 2.167131355609131, -0.02300971179199219, 0.5951845450195313, 1.9903400700073244, 2.093883773071289, -2.378437208898926]
position: [-1.7775002359313965, 2.0735585276550292, 0.024927187774658206, 0.7650729170837403, 2.213917769586182, 2.0467138638977054, -2.24843233727417]
