position: [-2.2380779669677735, 1.3848011546813965, 0.43104860090332037, 0.47668452929077154, 2.2465148612915042, 2.007980849047852, 0.24965537294311524]
position: [-2.266456611511231, 1.349903091796875, -0.5675728908691406, 0.5315243423950196, 2.331650794921875, 2.0378934743774417, -0.7255729118408204]
position: [-2.0586022149902345, 1.3464516350280762, -0.466330158984375, 0.5384272559326172, 2.2353935005920413, 1.8618691791687012, -0.7274903878234864]
