position: [-2.2380779669677735, 1.3848011546813965, 0.43104860090332037, 0.47668452929077154, 2.2465148612915042, 2.007980849047852, 0.24965537294311524]
position: [-2.340471184442139, 0.4839709380249024, -0.8149272926330567, 0.21782527163085938, 2.350442059552002, 1.680092456011963, -0.3785097589782715]
position: [-2.1514080525512695, 0.46594666378784183, -0.7819467057312012, 0.26000974324951176, 2.212000293603516, 1.538199233294678, -0.32021848910522466]
