position: [-2.1149760088806153, 1.6601507057922364, -0.26307770482177734, 0.5299903616088868, 2.161378927661133, 2.0888983355163577, -2.272976029852295]
position: [-1.8791264630126954, 2.5364372298706055, 0.5660389100830079, 0.5913495930541992, 1.8150827651916506, 2.0942672682678225, -2.0969517346435547]
header: 
  seq: 142
  stamp: 
    secs: 1380714977
    nsecs: 230849504
  frame_id: ''
name: ['e0', 'e1', 's0', 's1', 'w0', 'w1', 'w2']
position: [-1.9692478341979982, 2.4662576089050297, 1.5788497241271973, 0.27611654150390624, 1.4960147616760255, 1.9773012333251954, -0.0609757362487793]
velocity: [-0.005243098390102387, -0.0011235210835933687, -0.009737182724475862, 0.01610380219817162, -0.0007490140557289124, -0.005617605417966843, 0.007115633529424668]
effort: [-11.716, -1.54, 0.308, 8.044, 0.308, 0.276, 0.184]
---
