position: [-2.160228442071533, 0.8728350673095704, -0.6960437817077637, 0.3167670323364258, 2.212383788800049, 1.7560245049255372, -1.9251458865966797]
position: [-1.938951713671875, 2.4071993486389163, 0.25003886813964843, 0.43373306727905275, 1.6896798359252931, 2.093116782678223, -2.3281993381530763]
header: 
  seq: 142
  stamp: 
    secs: 1380714977
    nsecs: 230849504
  frame_id: ''
name: ['e0', 'e1', 's0', 's1', 'w0', 'w1', 'w2']
position: [-1.9692478341979982, 2.4662576089050297, 1.5788497241271973, 0.27611654150390624, 1.4960147616760255, 1.9773012333251954, -0.0609757362487793]
velocity: [-0.005243098390102387, -0.0011235210835933687, -0.009737182724475862, 0.01610380219817162, -0.0007490140557289124, -0.005617605417966843, 0.007115633529424668]
effort: [-11.716, -1.54, 0.308, 8.044, 0.308, 0.276, 0.184]
---
