position: [-2.266456611511231, 1.349903091796875, -0.5675728908691406, 0.5315243423950196, 2.331650794921875, 2.0378934743774417, -0.7255729118408204]
position: [-2.359645944268799, 1.563126421069336, 0.8406214708007813, 0.879737980847168, 1.2613157013977052, 1.1861506428771973, -0.45789326466064456]
position: [-2.1863061154357912, 1.2221991913513184, 1.4618836891845703, 0.8613302114135742, 0.9526020681884766, 1.4039759145080568, 1.553539041156006]
position: [-2.1863061154357912, 1.2221991913513184, 1.4618836891845703, 0.8613302114135742, 0.9526020681884766, 1.4039759145080568, 1.553539041156006]
