position: [-1.9523740455505372, 1.8622526743652346, -0.35665053277587894, 0.5215534672851563, 2.075092508441162, 2.085446878747559, -1.176179767767334]
position: [-2.1863061154357912, 1.2221991913513184, 1.4618836891845703, 0.8613302114135742, 0.9526020681884766, 1.4039759145080568, 1.553539041156006]
position: [-2.1863061154357912, 1.2221991913513184, 1.4618836891845703, 0.8613302114135742, 0.9526020681884766, 1.4039759145080568, 1.553539041156006]
