position: [-2.13108280713501, 1.2697525957214357, -0.7934515616271973, 0.3616359703308106, 2.135684749493408, 1.9546750167297364, -2.4624226569396974]
position: [-1.9301313241516114, 2.43519449798584, 0.29759227250976567, 0.4479223895507813, 1.7092380909484863, 2.0942672682678225, -2.527616840350342]
header: 
  seq: 142
  stamp: 
    secs: 1380714977
    nsecs: 230849504
  frame_id: ''
name: ['e0', 'e1', 's0', 's1', 'w0', 'w1', 'w2']
position: [-1.9692478341979982, 2.4662576089050297, 1.5788497241271973, 0.27611654150390624, 1.4960147616760255, 1.9773012333251954, -0.0609757362487793]
velocity: [-0.005243098390102387, -0.0011235210835933687, -0.009737182724475862, 0.01610380219817162, -0.0007490140557289124, -0.005617605417966843, 0.007115633529424668]
effort: [-11.716, -1.54, 0.308, 8.044, 0.308, 0.276, 0.184]
---
