header: 
  seq: 50
  stamp: 
    secs: 1380713992
    nsecs: 250843836
  frame_id: ''
name: ['e0', 'e1', 's0', 's1', 'w0', 'w1', 'w2']
position: [-2.0095148298339844, 1.9523740455505372, 0.5257719144470215, 0.3854126725158692, 1.8541992752380372, 2.0643546429382327, -1.1455001520446777]
velocity: [0.013482253003120424, 0.0022470421671867374, 0.009362675696611405, -0.020972393560409548, 0.004868591362237931, 0.007490140557289124, -0.007115633529424668]
effort: [-14.372, 2.736, -0.248, 4.656, 0.324, 0.116, 0.028]
---
position: [-2.0509323110595705, 1.8396264577697754, -0.22817964193725587, 0.3992184995910645, 1.916325497076416, 2.089665325909424, -2.1571604804992677]
position: [-2.131466302331543, 1.2701360909179689, -0.7934515616271973, 0.3616359703308106, 2.1360682446899415, 1.9542915215332033, -2.462039161743164]
position: [-2.098869210626221, 1.2490438551086427, -0.8126263214538575, 0.5533835685974121, 2.343155650817871, 1.8373254865905764, -2.374985752130127]
