position: [-2.2380779669677735, 1.3848011546813965, 0.43104860090332037, 0.47668452929077154, 2.2465148612915042, 2.007980849047852, 0.24965537294311524]
position: [-1.9496895791748048, 1.880276948602295, -0.036815538867187504, 0.515417544140625, 1.9535245311401368, 2.0869808595336914, -0.9196214812866211]
position: [-1.9174759826660157, 1.935116761706543, 0.00613592314453125, 0.7696748594421388, 2.269141077886963, 2.072791537261963, -0.8356360332458497]
