header: 
  seq: 50
  stamp: 
    secs: 1380713992
    nsecs: 250843836
  frame_id: ''
name: ['e0', 'e1', 's0', 's1', 'w0', 'w1', 'w2']
position: [-2.0095148298339844, 1.9523740455505372, 0.5257719144470215, 0.3854126725158692, 1.8541992752380372, 2.0643546429382327, -1.1455001520446777]
velocity: [0.013482253003120424, 0.0022470421671867374, 0.009362675696611405, -0.020972393560409548, 0.004868591362237931, 0.007490140557289124, -0.007115633529424668]
effort: [-14.372, 2.736, -0.248, 4.656, 0.324, 0.116, 0.028]
---
position: [-2.0026119162963867, 2.329349823742676, 0.3194514987121582, 0.5319078375915528, 1.8848788909606935, 2.093883773071289, -1.8484468472900393]
position: [-2.0114323058166503, 2.3044226359680176, -0.06366020262451172, 0.5633544437072754, 1.9209274394348146, 2.0942672682678225, -2.5015391669860843]
position: [-2.020252695336914, 2.087747849926758, -0.4651796733947754, 0.5737088140136719, 2.037126483984375, 2.093116782678223, -2.4961702342346195]
position: [-2.0624371669555663, 1.7909225678100587, -0.7194369886962891, 0.5261554096435547, 2.0865973643371585, 2.093116782678223, -2.457437219384766]
position: [-1.8986847180358888, 1.7510390673706056, -0.6649806707885743, 0.5322913327880859, 2.1249468839904786, 1.9550585119262696, -2.7116945346862793]
position: [-1.880276948602295, 1.7652283896423342, -0.6082233817016602, 0.6634466900024415, 2.207014856048584, 1.893315785284424, -2.6116022883911136]
