position: [-2.2380779669677735, 1.3848011546813965, 0.43104860090332037, 0.47668452929077154, 2.2465148612915042, 2.007980849047852, 0.24965537294311524]
position: [-2.325131376580811, 0.5990194969848633, -0.5997864873779297, 0.25157284892578125, 2.3374032228698733, 1.7238109084167481, -0.23815051704711915]
position: [-2.1771022307189942, 0.47093210134277347, -0.6178107616149903, 0.2672961519836426, 2.2683740874938967, 1.6037769119018557, -0.2078543965209961]
